-0.54039395 -0.02191374 0.18888668
0.38923948 -0.09175382 0.26198598
-0.20589086 -0.65190354 0.37297412
0.90372013 -0.34417896 0.94093066
-0.26503862 -0.29262688 0.48729848
0.27561872 0.28346025 0.09437921
-0.96140565 -0.18119442 0.54753454
-0.13385943 -0.12366274 0.35837747
-0.53324508 -0.15183229 0.53215697
-0.71697644 -0.02694635 0.47317696
0.35760582 0.15671817 0.59669666
0.05529175 -0.06454669 0.09508938
-0.8624716 0.06311556 0.63522588
-0.12902035 0.46685339 0.06889597
0.64431844 -0.65361481 0.64079581
0.36704908 -0.36288494 0.51446136
-0.23036824 -0.42683251 0.79500801
0.58551611 0.60769823 0.27568552
-0.60427615 0.04104524 0.07450559
0.56468431 -0.56669318 0.2912575
-0.4601243 0.00508301 0.4401538
-0.66525205 0.28190311 0.88269085
0.07471493 0.27835087 0.50831433
0.99372273 0.0083404 0.21293803
0.09345943 -0.18148218 0.37438141
-0.984644 0.87559028 0.57021119
0.35102461 0.06160325 0.69838496
0.61281881 -0.22438023 0.15587414
-0.07423422 -0.7376947 0.89532022
0.29211056 0.90533999 0.12758999
-0.27675047 -0.49886656 0.62574272
-0.22310747 -0.07626795 0.64903901
-0.31320081 0.04821265 0.61262068
-0.08860003 -0.1543642 0.77474239
-0.3319734 0.15151647 0.24481692
0.77580516 -0.20432097 0.28834093
0.14429131 0.16437255 0.22286955
-0.64030196 -0.45257631 0.3366905
-0.61323618 0.47975895 0.61915101
0.67963587 -0.23283703 0.73587717
0.05032004 0.40583481 0.7547891
0.78104369 0.84020288 0.44054426
0.48349145 -0.69887434 0.55567269
0.57228444 -0.47264206 0.92991351
0.03479903 -0.58833407 0.68568778
0.14306095 0.53872189 0.3305851
0.35077046 0.68554253 0.99607671
0.37433569 0.08569297 0.41413597
-0.56053599 0.93405357 0.20968025
-0.90712288 -0.88733065 0.72205305
-0.49110034 0.6834474 0.3045649
-0.09860883 0.43257313 0.79492433
-0.53213621 0.35421487 0.27879998
0.49394294 0.03959183 0.51368158
-0.92467748 0.43140551 0.09674987
0.08993411 0.39186026 0.9279413
0.23654423 0.12630707 0.62743668
-0.48610926 0.33635926 0.22813125
-0.25601256 -0.34550478 0.77604594
-0.18193252 -0.85726062 0.29639451
0.13483427 -0.01642555 0.9537777
0.42770439 -0.31870493 0.83197345
-0.02221641 -0.30222459 0.25159565
0.0028496 0.66787566 0.32636543